.Random.seed <-
c(10403L, 10L, -1708657327L, 2097587203L, -1546466414L, -1246615260L, 
-903614489L, -101944259L, 1699103412L, 1891356954L, -1253268891L, 
-1789884673L, -662570106L, -1206428400L, 1404130739L, -822147503L, 
1053386240L, 677356254L, 407122217L, 652549339L, -1709921302L, 
-611189876L, -53166897L, -1632082811L, -1592119492L, 1158786578L, 
1628482829L, 735245895L, -652104658L, -1973440120L, -1061918581L, 
1873543785L, 496205368L, 1869223654L, 1885155969L, -1944273389L, 
544000450L, 438362740L, -1617099657L, -990261907L, 1929933316L, 
-67088086L, 1998030485L, -518591185L, 1099847734L, 201026656L, 
1592787619L, 775960001L, 504955312L, 164192462L, -1884324295L, 
1842790475L, 1302098426L, -1183273732L, -91340481L, -1324532203L, 
1136786732L, 199872002L, -1607576355L, -2130882601L, 51194558L, 
-1570493192L, -517827877L, -547534535L, -1769665400L, -1556120522L, 
825051249L, -1870136669L, 1787518962L, -59673788L, -340272121L, 
1671330269L, -1579170092L, -324343302L, -1216985787L, 649302431L, 
-1028279514L, 1366526896L, 1212905555L, 975565681L, -700415328L, 
871200318L, 992443721L, 1240056827L, 1857005514L, 1961728300L, 
-1448463057L, 2052635621L, -36437348L, 1513441010L, 1429165933L, 
-1851776857L, 48210638L, 1467732008L, -761664469L, -1757422007L, 
737744728L, 709394950L, 1563208673L, -821081741L, 564881890L, 
527109460L, -606362537L, 2000259149L, -818410524L, -1476892214L, 
-139726795L, 1465675407L, -921747562L, -1395047616L, 1282371075L, 
-1030589407L, -1848871152L, -2040992530L, 321369241L, 1157636395L, 
1807931418L, 1272435420L, -231828769L, -706294603L, 830810700L, 
1635047074L, -73646595L, 1548605175L, -918896610L, -721104168L, 
-340953541L, -1755331623L, -659246744L, -88684394L, -1841723887L, 
2125938627L, 1317143506L, 3669604L, -784331353L, 2113446653L, 
938546932L, 1246478810L, 313361701L, 602637375L, -1574063162L, 
-477388720L, -1975219085L, 209428625L, -1379336000L, -1654396258L, 
-288872855L, 1402017435L, 425622442L, 1220272076L, 2098991759L, 
1549941445L, -572566916L, 2058714834L, -256615859L, -1768376569L, 
-1466344722L, -1710583864L, 1314951371L, -925503191L, 94947704L, 
-549019994L, 1234847937L, -502021805L, -1813533182L, 1109391156L, 
196342967L, 610739373L, -441515580L, 206184938L, -1524220331L, 
1414467567L, -1387446282L, -240256736L, 881735395L, 1848692609L, 
1549146608L, 1212565646L, -1299501063L, 6292875L, -945036870L, 
2001248444L, -98597889L, -1021750955L, 1719405164L, 248340162L, 
1421609245L, -1852579945L, 1464081150L, 2022293688L, 1133398683L, 
2111367417L, -262809016L, 1179420022L, 860460209L, -931669789L, 
1240717234L, -410744828L, 833608519L, 1479406109L, 1550207124L, 
51988538L, -898422139L, -280077473L, 1403892710L, -661275024L, 
-114953837L, -692537807L, 2068655328L, 1035009406L, -652726263L, 
1916903483L, 867446282L, -1904050708L, -1817283985L, -1688945243L, 
1325595996L, 1736311090L, 62464045L, -2015879449L, -1725484018L, 
-1186775576L, -1860048917L, -1089324919L, 354491416L, 275020614L, 
-312309343L, 1677146163L, -1852050014L, 659546940L, 1300867442L, 
158858032L, -2076054236L, 1980541752L, -980508966L, -263968880L, 
926764796L, 1352051604L, -1274765246L, 1553913088L, -1520794564L, 
-835468976L, -2075291486L, -1637752504L, 401151756L, -1022246180L, 
1118268754L, 429769856L, -1451220908L, 965939176L, -1396037382L, 
133835600L, 908656428L, -2024003212L, 2133060498L, 1631889504L, 
-2117481076L, 2121096032L, 638073314L, -812682328L, 1172452556L, 
-205717508L, -1444813390L, -598805008L, 1661504452L, 989799768L, 
-666281606L, -1358822480L, -1804432964L, -7194540L, -455297086L, 
-1676464096L, 724646076L, -624324016L, 1365619682L, -1175551896L, 
1360413772L, 1923815676L, 1989643250L, -1152399104L, -2138291852L, 
624749576L, -2055569478L, -1991429680L, 476150764L, 1182933396L, 
-1704193582L, -1674178208L, -2110599348L, 1257396512L, -270352510L, 
813084392L, -1375846164L, -1249168324L, -513262734L, -668647824L, 
-2098883548L, 652364600L, 316779674L, 1320030928L, -1030061892L, 
891039380L, 1759786626L, 1299663040L, 1081746236L, -1684743024L, 
343473698L, 1758187528L, 1249811724L, -340185956L, 832830994L, 
-1591312512L, 879250964L, 2129766952L, 465270074L, 1729120720L, 
1967797356L, -1202116300L, -1725000046L, -731215008L, 1114370892L, 
411908064L, -1116104798L, -2029746264L, 575942028L, -1488418628L, 
-1141044878L, -1952606992L, 1607348292L, 665362776L, 891627066L, 
41581424L, -1408026564L, 1043554068L, 1649698242L, 2069330656L, 
-315713668L, -400564528L, -1816700766L, 38702120L, -992353012L, 
-1835505732L, 2078894386L, -1285854784L, 350702132L, 565189576L, 
-2132461382L, -1827427952L, 406671852L, 1100661332L, 1203302546L, 
1821749024L, -1381307956L, 1161598432L, -178456894L, 451077160L, 
-1729056084L, 1274012860L, 724036082L, -511200976L, 1945277604L, 
1846183608L, 103529818L, -290753136L, 1082413948L, -822744812L, 
436994882L, 484498176L, -569673796L, 809754448L, 171066146L, 
1504697672L, -147756532L, 1659553884L, 1799060690L, -227337728L, 
1843064148L, -1259628056L, 306285562L, 1459863760L, 866618668L, 
1194566388L, -2125981294L, 1746908256L, -1978161908L, -635235616L, 
-518567582L, -1875633496L, -508820916L, -1202491012L, -498842318L, 
918679664L, 1082033988L, -1718092328L, 1434979450L, 1992961584L, 
1178798780L, 1473224532L, 927798338L, 1266777504L, -1304606020L, 
-904119856L, 2091384162L, -2032996376L, 1978795980L, 187191036L, 
1970905586L, 704153728L, 1875576052L, 371000968L, -258582726L, 
-331451568L, 130737772L, -712441708L, -725708462L, -817774880L, 
784413388L, -1515655008L, 1149778818L, 984412904L, 1408865004L, 
-1047421892L, -1348103566L, -885296016L, -1419655644L, -300923848L, 
1167144986L, -1256596784L, 2111657020L, 1191650452L, -1825727358L, 
-28358720L, -762914500L, 1429852816L, -1235112926L, -1938144248L, 
585271436L, 2061974556L, 2072204946L, -2064415616L, -1165914092L, 
43377960L, -893039046L, -120298288L, 506319980L, -1511771468L, 
-187754478L, 1542424544L, -983650356L, 1041534432L, -1855209950L, 
-436524760L, 607490316L, 1285711420L, 662311154L, 1884236528L, 
250798316L, -572750787L, 402651143L, 1124205552L, 1109446542L, 
836357563L, -396579939L, -1193004726L, 1818384744L, 511004497L, 
1564822595L, 1085740356L, -1981073934L, 1552891847L, -1940684399L, 
-856017642L, -1436562060L, -2108044283L, 1139129423L, 971165768L, 
1236288998L, 1423022867L, 1902378101L, -1889311150L, -270851936L, 
-10618487L, 743209403L, 1817335308L, 20378L, -479922417L, -1701089959L, 
-649426962L, -689410436L, 829773549L, -1512955497L, -1748604320L, 
831594558L, 1132947723L, -517051507L, 242067642L, -1045205256L, 
1964057761L, -260472749L, -555635852L, -1623566078L, -1196164713L, 
-1776458911L, -1547454554L, 761598372L, -1739470763L, -1648272129L, 
709878168L, 1017051830L, 1153635139L, -1551069563L, -1772403934L, 
1056143376L, 246465465L, -486759317L, 1404434268L, 1732300426L, 
2005604991L, 1837466569L, 1993351262L, -140721396L, 596568797L, 
-1033763865L, 2100221968L, 492221742L, -184186405L, 1912950461L, 
1053146154L, 1352187080L, -383821327L, 807737187L, -1341763740L, 
-438688110L, -1400765593L, 576236849L, -507115914L, -1621690476L, 
-980253787L, -1794755409L, -1044616856L, 151884102L, -572659469L, 
1468724821L, -1419208142L, -963532800L, 913652969L, -2015249573L, 
-213852756L, 1229145530L, 1410007919L, -290269959L, -942650994L, 
-1623475108L, 1613041357L, -1706120649L, -102309696L, 897970078L, 
-2044480405L, 98243565L, 37107290L, 1060763928L, -1117960575L, 
201972787L, 2016504404L, -2088149406L, 1182789879L, 1305715521L, 
912333254L, -293084412L, -1588377931L, -1809649249L, -1399509512L, 
1122870230L, 359562851L, -64782811L, -571470398L, 98714288L, 
-1386312999L, 763620427L, 1997091516L, 1431318762L, 2084564255L, 
1376482729L, 286659390L, 2101194284L, -1399825283L, -1240766777L, 
-263364688L, 470315470L, -180081925L, -1213073059L, -642069878L, 
-630556504L, -1393652719L, 532372739L, 1528344580L, 1848999986L, 
-1807832953L, 724772049L, 398491222L, 1545850420L, -259611323L, 
